0,392
0,391
28,3
28,2
0,390
28,1
28,0
27,3
27,2
27,1
27,0
0,389
0,388
0,387
0,386
0,385
26,3
26,2
26,1
26,0
0,384
0,319
0,278
0,318
0,317
0,316
0,283
0,243
25,3
25,2
25,1
25,0
24,3
24,2
0,9
24,1
24,0
23,35
3,2
10,183
10,81
10,151
10,169
10,149
10,77
10,2
10,3
11,15
11,17
11,13
11,2
11,3
9,5
9,2
9,3
8,4
8,7
8,2
8,3
12,2
12,1
12,3
20,2
20,1
20,3
19,2
19,1
19,3
18,1
18,3
14,1
14,3
13,1
13,3
2,2
2,1
2,3
11,27
11,26
11,25
11,24
11,23
11,22
11,21
11,20
11,1
11,19
10,309
10,308
10,307
10,306
10,305
10,304
10,303
10,302
10,301
10,300
10,299
10,298
10,297
10,296
10,295
10,294
10,293
10,292
10,291
10,290
10,289
10,288
10,287
10,286
10,285
10,284
10,283
10,282
10,281
10,280
